A=
    0.5150    0.1117    0.7661    0.7758
    0.7020    0.6578    0.0337    0.6159
    0.4899    0.9813    0.2522    0.8366
    0.6090    0.3842    0.7232    0.0312
    0.0758    0.0142    0.9859    0.8554
------Checking decomp function---------
Q=
    0.4392   -0.5254    0.1244    0.4056
    0.5988    0.0405   -0.4590    0.3520
    0.4178    0.8101    0.2281    0.0288
    0.5194   -0.2440    0.1360   -0.8036
    0.0647   -0.0807    0.8386    0.2549
R=
    1.1724    1.0534    0.9015    1.1306
    0.0000    0.6680   -0.4528    0.2184
    0.0000    0.0000    1.0625    0.7263
    0.0000    0.0000    0.0000    0.7486
Q * R = A = 
    0.5150    0.1117    0.7661    0.7758
    0.7020    0.6578    0.0337    0.6159
    0.4899    0.9813    0.2522    0.8366
    0.6090    0.3842    0.7232    0.0312
    0.0758    0.0142    0.9859    0.8554
Q^T * Q=
    1.0000   -0.0000   -0.0000   -0.0000
   -0.0000    1.0000   -0.0000    0.0000
   -0.0000   -0.0000    1.0000    0.0000
   -0.0000    0.0000    0.0000    1.0000
-----Checking solve function-----
b=  0.2387 0.9474 0.0739 0.6555 0.9247 
x=  0.9411 -0.3919 0.4483 0.1889 
A * x =  0.9308 0.5343 0.3476 0.7527 0.6693 
approx(A*x, b)= 0
