----------PART A----------
-----Checking jacobi-----
A=
    0.9916    0.4035    0.2348
    0.4035    0.8686    0.5101
    0.2348    0.5101    0.3679
V = 
    0.0188   -0.5353    0.8444
    0.7758   -0.5250   -0.3501
    0.6308    0.6617    0.4054
w =  0.0497 0.6126 1.5658 
D =
    1.1860   -0.3652    0.3102
   -0.3652    0.3907   -0.4397
    0.3102   -0.4397    0.6514
V * D * V^T = A =
    0.9916    0.4035    0.2348
    0.4035    0.8686    0.5101
    0.2348    0.5101    0.3679
V * V^T = 
    1.0000   -0.0000    0.0000
   -0.0000    1.0000    0.0000
    0.0000    0.0000    1.0000
V^T * V = 
    1.0000    0.0000   -0.0000
    0.0000    1.0000    0.0000
   -0.0000    0.0000    1.0000
----------PART B----------
Build Hamiltonian
Diagonalizing H and finding eigenvalues and eigenvectors
Vector of eigenvalues: w =  -0.4892 -0.1111 0.0963 0.4118 0.8296 1.3420 1.9424 2.6243 3.3810 4.2051 5.0890 6.0244 7.0026 8.0149 9.0518 10.1040 11.1620 12.2161 13.2570 14.2751 15.2616 16.2075 17.1046 17.9450 18.7216 19.4278 20.0582 20.6082 21.0748 21.4567 21.7553 21.9768 
Matrix of eigenvectors: V = 
    0.2393    0.3561    0.3974    0.3943    0.3667    0.3274    0.2842    0.2416    0.2023    0.1672    0.1368    0.1111    0.0895    0.0717    0.0572    0.0454    0.0359    0.0283    0.0222    0.0174    0.0136    0.0105    0.0082    0.0063    0.0049    0.0037    0.0028    0.0021    0.0015    0.0011    0.0007    0.0003
   -0.1022   -0.1451   -0.1474   -0.1232   -0.0829   -0.0344    0.0169    0.0671    0.1136    0.1548    0.1898    0.2182    0.2401    0.2558    0.2655    0.2700    0.2697    0.2653    0.2574    0.2465    0.2331    0.2178    0.2008    0.1826    0.1636    0.1438    0.1236    0.1032    0.0826    0.0619    0.0412    0.0206
    0.1242    0.1717    0.1647    0.1220    0.0588   -0.0125   -0.0823   -0.1436   -0.1916   -0.2236   -0.2383   -0.2358   -0.2175   -0.1854   -0.1421   -0.0906   -0.0342    0.0240    0.0810    0.1340    0.1807    0.2191    0.2477    0.2656    0.2722    0.2676    0.2521    0.2267    0.1925    0.1510    0.1038    0.0529
   -0.1473   -0.1952   -0.1702   -0.0985   -0.0047    0.0900    0.1690    0.2210    0.2401    0.2253    0.1804    0.1122    0.0301   -0.0556   -0.1348   -0.1986   -0.2403   -0.2557   -0.2435   -0.2057   -0.1464   -0.0721    0.0095    0.0902    0.1619    0.2177    0.2524    0.2628    0.2480    0.2098    0.1518    0.0796
   -0.1655   -0.2070   -0.1555   -0.0496    0.0711    0.1726    0.2312    0.2354    0.1868    0.0978   -0.0116   -0.1187   -0.2021   -0.2460   -0.2426   -0.1933   -0.1079   -0.0025    0.1033    0.1904    0.2434    0.2530    0.2180    0.1448    0.0463   -0.0603   -0.1564   -0.2257   -0.2564   -0.2436   -0.1895   -0.1034
   -0.1812   -0.2099   -0.1250    0.0152    0.1494    0.2296    0.2313    0.1574    0.0336   -0.1005   -0.2044   -0.2477   -0.2188   -0.1269    0.0010    0.1287    0.2204    0.2511    0.2128    0.1164   -0.0117   -0.1366   -0.2248   -0.2528   -0.2134   -0.1174    0.0097    0.1343    0.2235    0.2541    0.2183    0.1255
    0.1950    0.2048    0.0816   -0.0865   -0.2113   -0.2369   -0.1560   -0.0071    0.1447    0.2364    0.2312    0.1325   -0.0191   -0.1631   -0.2431   -0.2284   -0.1253    0.0261    0.1675    0.2450    0.2295    0.1273   -0.0230   -0.1646   -0.2445   -0.2331   -0.1348    0.0136    0.1570    0.2422    0.2379    0.1458
    0.2070    0.1920    0.0287   -0.1539   -0.2407   -0.1849   -0.0233    0.1513    0.2431    0.2039    0.0561   -0.1212   -0.2352   -0.2273   -0.1022    0.0752    0.2143    0.2446    0.1512   -0.0184   -0.1788   -0.2495   -0.1956   -0.0442    0.1292    0.2385    0.2296    0.1072   -0.0682   -0.2099   -0.2483   -0.1646
   -0.2173   -0.1719    0.0296    0.2072    0.2276    0.0822   -0.1215   -0.2408   -0.1955   -0.0182    0.1713    0.2472    0.1603   -0.0315   -0.2028   -0.2426   -0.1256    0.0722    0.2237    0.2320    0.0921   -0.1064   -0.2373   -0.2176   -0.0600    0.1356    0.2455    0.2005    0.0293   -0.1604   -0.2493   -0.1816
   -0.2257   -0.1452    0.0888    0.2378    0.1711   -0.0456   -0.2233   -0.2128   -0.0253    0.1831    0.2419    0.1044   -0.1173   -0.2448   -0.1765    0.0325    0.2156    0.2280    0.0602   -0.1551   -0.2483   -0.1465    0.0702    0.2319    0.2123    0.0269   -0.1795   -0.2460   -0.1210    0.0981    0.2410    0.1968
   -0.2323   -0.1124    0.1442    0.2399    0.0799   -0.1629   -0.2402   -0.0769    0.1626    0.2423    0.0855   -0.1543   -0.2450   -0.1000    0.1409    0.2471    0.1177   -0.1237   -0.2476   -0.1369    0.1033    0.2460    0.1566   -0.0803   -0.2416   -0.1758    0.0551    0.2343    0.1939   -0.0282   -0.2239   -0.2102
   -0.2370   -0.0748    0.1909    0.2114   -0.0291   -0.2346   -0.1622    0.0999    0.2462    0.1091   -0.1529   -0.2407   -0.0555    0.1925    0.2235    0.0032   -0.2207   -0.1975    0.0464    0.2385    0.1648   -0.0923   -0.2468   -0.1273    0.1335    0.2463    0.0863   -0.1692   -0.2376   -0.0435    0.1987    0.2215
    0.2396    0.0334   -0.2249   -0.1548    0.1337    0.2376    0.0183   -0.2256   -0.1682    0.1124    0.2446    0.0551   -0.2066   -0.1984    0.0684    0.2462    0.1044   -0.1727   -0.2264    0.0124    0.2352    0.1548   -0.1249   -0.2439   -0.0494    0.2086    0.1988   -0.0660   -0.2462   -0.1110    0.1664    0.2308
   -0.2401    0.0102    0.2427    0.0765   -0.2116   -0.1690    0.1343    0.2324   -0.0222   -0.2433   -0.0988    0.1936    0.1970   -0.0929   -0.2448   -0.0337    0.2272    0.1523   -0.1474   -0.2299    0.0262    0.2437    0.1030   -0.1890   -0.2036    0.0804    0.2466    0.0515   -0.2190   -0.1690    0.1281    0.2379
    0.2385   -0.0547   -0.2423    0.0133    0.2453    0.0482   -0.2323   -0.1143    0.1984    0.1747   -0.1442   -0.2203    0.0735    0.2441    0.0065   -0.2420   -0.0871    0.2128    0.1589   -0.1589   -0.2130    0.0860    0.2425   -0.0024   -0.2434   -0.0819    0.2149    0.1568   -0.1601   -0.2129    0.0855    0.2429
    0.2347   -0.0983   -0.2230    0.1024    0.2262   -0.0886   -0.2334    0.0663    0.2405   -0.0387   -0.2452    0.0076    0.2462    0.0256   -0.2426   -0.0599    0.2340    0.0941   -0.2201   -0.1270    0.2009    0.1577   -0.1766   -0.1851    0.1477    0.2083   -0.1147   -0.2266    0.0785    0.2392   -0.0399   -0.2456
    0.2288   -0.1394   -0.1857    0.1782    0.1573   -0.1985   -0.1357    0.2114    0.1179   -0.2203   -0.1026    0.2269    0.0892   -0.2318   -0.0772    0.2356    0.0662   -0.2385   -0.0560    0.2408    0.0466   -0.2426   -0.0378    0.2439    0.0294   -0.2449   -0.0215    0.2455    0.0140   -0.2460   -0.0069    0.2462
    0.2207   -0.1763   -0.1327    0.2293    0.0527   -0.2461    0.0208    0.2402   -0.0866   -0.2172    0.1428    0.1810   -0.1879   -0.1349    0.2205    0.0823   -0.2399   -0.0261    0.2460   -0.0306   -0.2390    0.0850    0.2197   -0.1344   -0.1897    0.1767    0.1504   -0.2100   -0.1042    0.2328    0.0532   -0.2444
    0.2105   -0.2077   -0.0680    0.2475   -0.0647   -0.2148    0.1691    0.1350   -0.2314   -0.0302    0.2448   -0.0778   -0.2109    0.1690    0.1384   -0.2280   -0.0418    0.2456   -0.0612   -0.2200    0.1528    0.1566   -0.2176   -0.0669    0.2451   -0.0337   -0.2313    0.1281    0.1791   -0.2010   -0.0974    0.2405
    0.1984   -0.2320    0.0034    0.2294   -0.1685   -0.1133    0.2443   -0.0468   -0.2142    0.1830    0.0989   -0.2448    0.0527    0.2123   -0.1827   -0.1009    0.2440   -0.0466   -0.2159    0.1764    0.1101   -0.2423    0.0345    0.2217   -0.1663   -0.1230    0.2392   -0.0185   -0.2283    0.1532    0.1379   -0.2345
    0.1844   -0.2484    0.0757    0.1767   -0.2342    0.0264    0.2118   -0.2028   -0.0451    0.2395   -0.1482   -0.1207    0.2444   -0.0732   -0.1866    0.2200    0.0140   -0.2310    0.1663    0.1015   -0.2452    0.0887    0.1765   -0.2251   -0.0027    0.2272   -0.1723   -0.0947    0.2450   -0.0935   -0.1733    0.2263
   -0.1686    0.2558   -0.1428   -0.0962    0.2455   -0.1585   -0.0843    0.2430   -0.1569   -0.0887    0.2435   -0.1480   -0.1003    0.2447   -0.1346   -0.1158    0.2452   -0.1178   -0.1332    0.2442   -0.0981   -0.1514    0.2411   -0.0761   -0.1694    0.2356   -0.0521   -0.1866    0.2273   -0.0266   -0.2024    0.2162
    0.1513   -0.2540    0.1989   -0.0004   -0.1984    0.2382   -0.0824   -0.1422    0.2466   -0.1402   -0.0869    0.2387   -0.1825   -0.0333    0.2199   -0.2127    0.0175    0.1932   -0.2324    0.0649    0.1605   -0.2426    0.1078    0.1234   -0.2441    0.1458    0.0835   -0.2376    0.1780    0.0419   -0.2241    0.2042
   -0.1326    0.2428   -0.2388    0.0987    0.1025   -0.2372    0.2129   -0.0430   -0.1568    0.2463   -0.1610   -0.0395    0.2116   -0.2305    0.0819    0.1265   -0.2423    0.1800    0.0148   -0.1987    0.2356   -0.0978   -0.1126    0.2393   -0.1877   -0.0039    0.1925   -0.2373    0.1044    0.1067   -0.2378    0.1904
   -0.1130    0.2227   -0.2588    0.1836   -0.0203   -0.1534    0.2458   -0.2043    0.0495    0.1333   -0.2400    0.2086   -0.0562   -0.1290    0.2385   -0.2072    0.0531    0.1326   -0.2391    0.2026   -0.0444   -0.1404    0.2406   -0.1955    0.0321    0.1508   -0.2421    0.1863   -0.0170   -0.1626    0.2430   -0.1750
   -0.0928    0.1947   -0.2570    0.2415   -0.1407   -0.0140    0.1630   -0.2440    0.2206   -0.1009   -0.0635    0.1994   -0.2450    0.1786   -0.0301   -0.1324    0.2332   -0.2250    0.1111    0.0552   -0.1953    0.2428   -0.1748    0.0234    0.1392   -0.2351    0.2182   -0.0964   -0.0718    0.2054   -0.2398    0.1582
   -0.0726    0.1605   -0.2340    0.2631   -0.2292    0.1336    0.0007   -0.1348    0.2265   -0.2451    0.1829   -0.0594   -0.0842    0.1990   -0.2447    0.2049   -0.0930   -0.0519    0.1783   -0.2408    0.2168   -0.1146   -0.0292    0.1624   -0.2363    0.2239   -0.1295   -0.0126    0.1500   -0.2320    0.2284   -0.1402
   -0.0530    0.1224   -0.1929    0.2460   -0.2645    0.2379   -0.1660    0.0601    0.0588   -0.1645    0.2323   -0.2453    0.1993   -0.1046   -0.0160    0.1326   -0.2156    0.2436   -0.2090    0.1202   -0.0001   -0.1200    0.2085   -0.2419    0.2110   -0.1239    0.0037    0.1176   -0.2072    0.2409   -0.2094    0.1212
    0.0350   -0.0837    0.1403   -0.1959    0.2405   -0.2642    0.2598   -0.2241    0.1588   -0.0713   -0.0266    0.1205   -0.1955    0.2392   -0.2437    0.2076   -0.1365    0.0419    0.0598   -0.1512    0.2158   -0.2420    0.2249   -0.1671    0.0791    0.0234   -0.1216    0.1974   -0.2367    0.2319   -0.1839    0.1015
    0.0197   -0.0485    0.0852   -0.1272    0.1708   -0.2113    0.2438   -0.2636    0.2669   -0.2512    0.2159   -0.1627    0.0952   -0.0190   -0.0591    0.1314   -0.1904    0.2300   -0.2455    0.2350   -0.1991    0.1415   -0.0683   -0.0126    0.0921   -0.1611    0.2116   -0.2376    0.2360   -0.2068    0.1532   -0.0814
   -0.0085    0.0213   -0.0388    0.0608   -0.0867    0.1158   -0.1467    0.1779   -0.2075    0.2335   -0.2538    0.2667   -0.2705    0.2640   -0.2467    0.2185   -0.1801    0.1330   -0.0791    0.0210    0.0381   -0.0952    0.1469   -0.1900    0.2219   -0.2405    0.2445   -0.2333    0.2075   -0.1686    0.1188   -0.0614
    0.0021   -0.0054    0.0101   -0.0163    0.0243   -0.0342    0.0459   -0.0595    0.0750   -0.0922    0.1108   -0.1306    0.1511   -0.1720    0.1926   -0.2124    0.2308   -0.2471    0.2608   -0.2711    0.2777   -0.2799    0.2773   -0.2698    0.2571   -0.2392    0.2162   -0.1885    0.1565   -0.1209    0.0823   -0.0417
----------PART C----------
