----------PART A----------
-----Checking jacobi-----
A=
    0.5128    0.6948    0.5475
    0.6948    0.6565    0.6584
    0.5475    0.6584    0.7545
V = 
    0.6975   -0.7098    0.0980
    0.4807    0.3620   -0.7987
    0.5314    0.6042    0.5937
w =  -0.1172 0.1265 1.9145 
D =
    1.8224    0.3831   -0.1695
    0.3831    0.0812    0.0892
   -0.1695    0.0892    0.0201
V * D * V^T = A =
    0.5128    0.6948    0.5475
    0.6948    0.6565    0.6584
    0.5475    0.6584    0.7545
V * V^T = 
    1.0000   -0.0000   -0.0000
   -0.0000    1.0000   -0.0000
   -0.0000   -0.0000    1.0000
V^T * V = 
    1.0000    0.0000    0.0000
    0.0000    1.0000    0.0000
    0.0000    0.0000    1.0000
----------PART B----------
----------PART C----------
