----------PART A----------
-----Checking jacobi-----
A=
    0.3944    0.4529    0.0912
    0.4529    0.3045    0.1222
    0.0912    0.1222    0.6094
V = 
    0.6655   -0.7452    0.0424
    0.3810    0.2903   -0.8778
    0.6418    0.6004    0.4771
w =  -0.1069 0.5294 0.8858 
D =
    0.8372    0.0754   -0.1766
    0.0754    0.2294    0.3088
   -0.1766    0.3088    0.2417
V * D * V^T = A =
    0.3944    0.4529    0.0912
    0.4529    0.3045    0.1222
    0.0912    0.1222    0.6094
V * V^T = 
    1.0000    0.0000   -0.0000
    0.0000    1.0000   -0.0000
   -0.0000   -0.0000    1.0000
V^T * V = 
    1.0000   -0.0000   -0.0000
   -0.0000    1.0000    0.0000
   -0.0000    0.0000    1.0000
----------PART B----------
Build Hamiltonian
Diagonalizing H and finding eigenvalues and eigenvectors
----------PART C----------
